0000111000000000000010100000011100000000000001010000001110000000000000101000000111000000000000010100
0011101110011110000011110001110111001111000001111000111011100111100000111100011101110011110000011110
0110110011110011100011100011011001111001110001110001101100111100111000111000110110011110011100011100
0100001100000000111011110010000110000000011101111001000011000000001110111100100001100000000111011110
1110000000001110001100000111000000000111000110000011100000000011100011000001110000000001110001100000
1001000000111111110110000100100000011111111011000010010000001111111101100001001000000111111110110000
0110100001111111111011000011010000111111111101100001101000011111111110110000110100001111111111011000
0011100001111111111101100001110000111111111110110000111000011111111111011000011100001111111111101100
0000110011110111101110110000011001111011110111011000001100111101111011101100000110011110111101110110
1110010011100100100111010111001001110010010011101011100100111001001001110101110010011100100100111010
0110010001111000011111011011001000111100001111101101100100011110000111110110110010001111000011111011
1010011001110111101111101101001100111011110111110110100110011101111011111011010011001110111101111101
0000001100111111111111111000000110011111111111111100000011001111111111111110000001100111111111111111
0000111111111111110000000000011111111111111000000000001111111111111100000000000111111111111110000000
1111100000000000000000000111110000000000000000000011111000000000000000000001111100000000000000000000
0000111000000000000010100000011100000000000001010000001110000000000000101000000111000000000000010100
0011101110011110000011110001110111001111000001111000111011100111100000111100011101110011110000011110
0110110011110011100011100011011001111001110001110001101100111100111000111000110110011110011100011100
0100001100000000111011110010000110000000011101111001000011000000001110111100100001100000000111011110
1110000000001110001100000111000000000111000110000011100000000011100011000001110000000001110001100000
1001000000111111110110000100100000011111111011000010010000001111111101100001001000000111111110110000
0110100001111111111011000011010000111111111101100001101000011111111110110000110100001111111111011000
0011100001111111111101100001110000111111111110110000111000011111111111011000011100001111111111101100
0000110011110111101110110000011001111011110111011000001100111101111011101100000110011110111101110110
1110010011100100100111010111001001110010010011101011100100111001001001110101110010011100100100111010
0110010001111000011111011011001000111100001111101101100100011110000111110110110010001111000011111011
1010011001110111101111101101001100111011110111110110100110011101111011111011010011001110111101111101
0000001100111111111111111000000110011111111111111100000011001111111111111110000001100111111111111111
0000111111111111110000000000011111111111111000000000001111111111111100000000000111111111111110000000
1111100000000000000000000111110000000000000000000011111000000000000000000001111100000000000000000000
0000111000000000000010100000011100000000000001010000001110000000000000101000000111000000000000010100
0011101110011110000011110001110111001111000001111000111011100111100000111100011101110011110000011110
0110110011110011100011100011011001111001110001110001101100111100111000111000110110011110011100011100
0100001100000000111011110010000110000000011101111001000011000000001110111100100001100000000111011110
1110000000001110001100000111000000000111000110000011100000000011100011000001110000000001110001100000
1001000000111111110110000100100000011111111011000010010000001111111101100001001000000111111110110000
0110100001111111111011000011010000111111111101100001101000011111111110110000110100001111111111011000
0011100001111111111101100001110000111111111110110000111000011111111111011000011100001111111111101100
0000110011110111101110110000011001111011110111011000001100111101111011101100000110011110111101110110
1110010011100100100111010111001001110010010011101011100100111001001001110101110010011100100100111010
0110010001111000011111011011001000111100001111101101100100011110000111110110110010001111000011111011
1010011001110111101111101101001100111011110111110110100110011101111011111011010011001110111101111101
0000001100111111111111111000000110011111111111111100000011001111111111111110000001100111111111111111
0000111111111111110000000000011111111111111000000000001111111111111100000000000111111111111110000000
1111100000000000000000000111110000000000000000000011111000000000000000000001111100000000000000000000
0000111000000000000010100000011100000000000001010000001110000000000000101000000111000000000000010100
0011101110011110000011110001110111001111000001111000111011100111100000111100011101110011110000011110
0110110011110011100011100011011001111001110001110001101100111100111000111000110110011110011100011100
0100001100000000111011110010000110000000011101111001000011000000001110111100100001100000000111011110
1110000000001110001100000111000000000111000110000011100000000011100011000001110000000001110001100000
1001000000111111110110000100100000011111111011000010010000001111111101100001001000000111111110110000
0110100001111111111011000011010000111111111101100001101000011111111110110000110100001111111111011000
0011100001111111111101100001110000111111111110110000111000011111111111011000011100001111111111101100
0000110011110111101110110000011001111011110111011000001100111101111011101100000110011110111101110110
1110010011100100100111010111001001110010010011101011100100111001001001110101110010011100100100111010
0110010001111000011111011011001000111100001111101101100100011110000111110110110010001111000011111011
1010011001110111101111101101001100111011110111110110100110011101111011111011010011001110111101111101
0000001100111111111111111000000110011111111111111100000011001111111111111110000001100111111111111111
0000111111111111110000000000011111111111111000000000001111111111111100000000000111111111111110000000
1111100000000000000000000111110000000000000000000011111000000000000000000001111100000000000000000000
0000111000000000000010100000011100000000000001010000001110000000000000101000000111000000000000010100
0011101110011110000011110001110111001111000001111000111011100111100000111100011101110011110000011110
0110110011110011100011100011011001111001110001110001101100111100111000111000110110011110011100011100
0100001100000000111011110010000110000000011101111001000011000000001110111100100001100000000111011110
1110000000001110001100000111000000000111000110000011100000000011100011000001110000000001110001100000
1001000000111111110110000100100000011111111011000010010000001111111101100001001000000111111110110000
0110100001111111111011000011010000111111111101100001101000011111111110110000110100001111111111011000
0011100001111111111101100001110000111111111110110000111000011111111111011000011100001111111111101100
0000110011110111101110110000011001111011110111011000001100111101111011101100000110011110111101110110
1110010011100100100111010111001001110010010011101011100100111001001001110101110010011100100100111010
0110010001111000011111011011001000111100001111101101100100011110000111110110110010001111000011111011
1010011001110111101111101101001100111011110111110110100110011101111011111011010011001110111101111101
0000001100111111111111111000000110011111111111111100000011001111111111111110000001100111111111111111
0000111111111111110000000000011111111111111000000000001111111111111100000000000111111111111110000000
1111100000000000000000000111110000000000000000000011111000000000000000000001111100000000000000000000
0000111000000000000010100000011100000000000001010000001110000000000000101000000111000000000000010100
0011101110011110000011110001110111001111000001111000111011100111100000111100011101110011110000011110
0110110011110011100011100011011001111001110001110001101100111100111000111000110110011110011100011100
0100001100000000111011110010000110000000011101111001000011000000001110111100100001100000000111011110
1110000000001110001100000111000000000111000110000011100000000011100011000001110000000001110001100000
1001000000111111110110000100100000011111111011000010010000001111111101100001001000000111111110110000
0110100001111111111011000011010000111111111101100001101000011111111110110000110100001111111111011000
0011100001111111111101100001110000111111111110110000111000011111111111011000011100001111111111101100
0000110011110111101110110000011001111011110111011000001100111101111011101100000110011110111101110110
1110010011100100100111010111001001110010010011101011100100111001001001110101110010011100100100111010
0110010001111000011111011011001000111100001111101101100100011110000111110110110010001111000011111011
1010011001110111101111101101001100111011110111110110100110011101111011111011010011001110111101111101
0000001100111111111111111000000110011111111111111100000011001111111111111110000001100111111111111111
0000111111111111110000000000011111111111111000000000001111111111111100000000000111111111111110000000
1111100000000000000000000111110000000000000000000011111000000000000000000001111100000000000000000000